YYYYMMDD Kp[8]           Sum ap[8]                   Ap
19580201 3-1-2+2+3 1+2-3-17- 12  3  9  9 15  5  6 12  9
19580202 3-2+3-3 2+1+2-0+16+ 12  9 12 15  9  5  6  2  9
19580203 1-1+1 1+3 1+2 2 13-  3  5  4  5 15  5  7  7  6
19580204 3-0+1 3 4-3+5-4-22+ 12  2  4 15 22 18 39 22 17
19580205 3+4+4-4 5-4-5-5-33  18 32 22 27 39 22 39 39 30
19580206 4 4+4+4+4+5-3 4+33+ 27 32 32 32 32 39 15 32 30
19580207 4 4-4 4 3+4 4 4 31  27 22 27 27 18 27 27 27 25
19580208 4-5-4 4 4-4-4 4 32- 22 39 27 27 22 22 27 27 27
19580209 4 4 2 3-3-3+4 3 26- 27 27  7 12 12 18 27 15 18
19580210 4 4-2-2 2+5 5-4+28- 27 22  6  7  9 48 39 32 24
19580211 9 8+9-8+8 5+6 6 60-400236300236207 56 80 80199
19580212 6 6-6+5+4 5-6 4+42+ 80 67 94 56 27 39 80 32 59
19580213 4-2-3+4-4+4-3 2+26- 22  6 18 22 32 22 15  9 18
19580214 4 5 4 3 3+4+2+2 28  27 48 27 15 18 32  9  7 23
19580215 2-1 1 2+2+3-2+3-16   6  4  4  9  9 12  9 12  8
19580216 2+1-1+3+3 4 3+3 21   9  3  5 18 15 27 18 15 14
19580217 4 5-4 4-5-4 5-4 34- 27 39 27 22 39 27 39 27 31
19580218 4 5 4+4+4 3+5 4-34- 27 48 32 32 27 18 48 22 32
19580219 4+4-5-4-3+3 4 4-30+ 32 22 39 22 18 15 27 22 25
19580220 4-4 3 4 4 3 5-5-31  22 27 15 27 27 15 39 39 26
19580221 3+5-4+4-4+3 5-5 33  18 39 32 22 32 15 39 48 31
19580222 5-4 4-4 4-3 4-4 31- 39 27 22 27 22 15 22 27 25
19580223 4+4 4 4-3 3+3 3-28  32 27 27 22 15 18 15 12 21
19580224 2+3-2 3-3-2-2-1-16+  9 12  7 12 12  6  6  3  8
19580225 1-2 3-2 1-1-1+1-11-  3  7 12  7  3  3  5  3  5
19580226 2 2 3-2 1+1 2-1+14   7  7 12  7  5  4  6  5  7
19580227 3-1 1 1 2-2 3+4-16+ 12  4  4  4  6  7 18 22 10
19580228 2 2+3+4 4+3-2+2 23   7  9 18 27 32 12  9  7 15