YYYYMMDD Kp[8]           Sum ap[8]                   Ap
19890301 3+3 2 3-3+3-2 2+21+ 18 15  7 12 18 12  7  9 12
19890302 3+6-4-3+4 3+3 3+30- 18 67 22 18 27 18 15 18 25
19890303 3 5 6-5-5-5 4 3 35  15 48 67 39 39 48 27 15 37
19890304 3+2+2 3+4+3 1 1-20  18  9  7 18 32 15  4  3 13
19890305 3-4 5 5+5-3+4-3+32  12 27 48 56 39 18 22 18 30
19890306 4 3 3+4-5-4 4 3+30  27 15 18 22 39 27 27 18 24
19890307 4 4+3+3 3-3 2 3 25+ 27 32 18 15 12 15  7 15 18
19890308 2+2+3-0+1-4+5+6-24-  9  9 12  2  3 32 56 67 24
19890309 5+5 3+3+4-4 4-5-33  56 48 18 18 22 27 22 39 31
19890310 4+4 4-3-3-3 3 3+27- 32 27 22 12 12 15 15 18 19
19890311 3-3 3 4-3 3 3-4 25  12 15 15 22 15 15 12 27 17
19890312 5 3 3 3-3 5-4 3 28+ 48 15 15 12 15 39 27 15 23
19890313 6 8-9-8+8+8+9-9 65  80179300236236236300400246
19890314 9 8-8-6-5 5+8-7+55+400179179 67 48 56179154158
19890315 7-6 5-5 4+5-4 3 38+111 80 39 48 32 39 27 15 49
19890316 2 5 5+7-5+5 5 4-38   7 48 56111 56 48 48 22 50
19890317 4+5+5+4+4+4+4-3-34+ 32 56 56 32 32 32 22 12 34
19890318 1 2 2 2 4 5+1+2 20-  4  7  7  7 27 56  5  7 15
19890319 1 4 6+6+7-6 3+3-36+  4 27 94 94111 80 18 12 55
19890320 2+4-3+2+2+2+2-4 22   9 22 18  9  9  9  6 27 14
19890321 4 4 4+4-4-3-3 4-29  27 27 32 22 22 12 15 22 22
19890322 3 3 5-4 4+5-6 6-35+ 15 15 39 27 32 39 80 67 39
19890323 4+3 3 4+5 6-5-5-35- 32 15 15 32 48 67 39 39 36
19890324 5 4+3+2+2-2-1 1 20+ 48 32 18  9  6  6  4  4 16
19890325 1+1 1+2+1+3-4 3 17   5  4  5  9  5 12 27 15 10
19890326 3-3 2-3 4-2+2 4 22+ 12 15  6 15 22  9  7 27 14
19890327 3+3-4+4-6-6+5 5+36+ 18 12 32 22 67 94 48 56 44
19890328 4+3+4+6-6-5 4 4-36  32 18 32 67 67 48 27 22 39
19890329 6+6 5+4+5-5+7 6 45  94 80 56 32 39 56132 80 71
19890330 4+5+5+4-3 3+6-7-37+ 32 56 56 22 15 18 67111 47
19890331 5+5+4+4+5 6-6-5+41  56 56 32 32 48 67 67 56 52
